18
100
73
35
-22
15
-49
-96
-125
18
82
94
-126
20
-24
84
-109
-61
-30
78
6
-10
-63
-55
-103
-83
-79
-85
-95
-2
-56
15
98
17
51
76
32
2
-20
-93
20
62
2
-105
83
-22
-21
-26
-83
-50
53
-77
-60
-10
124
93
-93
46
9
68
44
-47
84
-113
-30
-121
-37
2
-119
-56
-91
-98
6
-89
53
89
-111
32
64
62
-18
117
-15
-78
107
110
16
14
-100
25
82
-56
-22
-90
87
-52
45
51
-50
-73
-5
115
85
1
27
-118
91
-84
-86
-101
-21
-103
16
-36
75
123
74
91
-119
-26
116
-37
-81
94
-126
6
42
-81
57
-8
102
52
108
-69
54
-121
69
-111
51
-16
44
30
-119
60
-5
-44
-73
69
48
64
44
-92
27
-37
3
-99
-31
45
77
27
38
-77
79
-110
111
-123
25
-76
22
76
-92
66
107
45
126
102
2
53
-85
50
117
-41
-42
-111
-78
-39
46
-108
7
123
-81
45
47
-2
-65
-98
-124
-40
82
-102
36
-9
-35
-113
36
91
-11
38
-111
-95
88
6
120
47
-105
43
8
-58
-65
15
65
110
60
112
108
-5
14
-16
-45
97
-117
-8
88
104
-121
124
-61
125
-93
84
30
-5
91
-106
42
-14
-63
51
-72
-128
66
-6
-18
127
106
