38
99
62
-93
-46
-2
95
17
-19
-101
-8
-124
-111
-127
-114
16
-47
-85
-103
74
22
-66
28
-94
-109
-52
-37
109
32
-78
93
-14
-86
-77
-4
-5
104
90
92
-26
120
-116
90
40
-116
111
117
80
113
11
48
-23
96
-79
0
-9
87
-20
-46
-41
103
42
-102
-18
-17
1
22
-24
-107
-104
110
78
75
58
-75
22
59
-31
44
80
90
12
42
-8
83
14
55
39
-126
-87
-79
-57
45
-22
37
-111
79
85
-7
84
-55
29
31
12
101
-73
2
85
104
-94
-117
116
-105
-23
-23
-93
-99
113
-100
-43
-1
-8
77
107
-60
-84
71
-100
113
90
-14
-114
93
-75
-66
-17
93
-98
31
-32
68
-126
45
-112
-2
0
95
-128
121
0
70
12
-26
-85
-114
-60
-80
-113
7
-55
-43
1
-77
98
15
-33
115
-33
63
3
-77
-78
-43
126
-69
87
-53
108
26
119
109
-73
-23
113
-2
47
-126
56
-83
121
2
5
61
-125
119
-18
73
-98
-114
124
70
39
-120
121
-128
-5
20
-31
-34
92
-93
-33
-29
-79
-62
-19
111
6
-17
86
-95
111
-92
-111
102
-128
-14
125
67
118
123
-44
-46
-40
29
-71
52
56
-78
85
117
-10
-93
-57
-88
30
66
-67
76
74
69
-81
103
82
-57
-27
-71
-4
-6
-68
121
-76
11
-96
23
34
73
-85
-33
-25
62
-42
58
94
-36
-55
99
-18
93
42
-28
123
-103
39
22
67
-105
-77
-95
6
-125
0
24
50
-9
55
-62
-117
-56
119
83
88
107
43
35
-107
107
19
14
22
-123
120
106
-71
84
-82
-19
95
-18
21
8
17
-31
-39
-90
-30
14
-53
17
-44
-6
