89
16
-27
0
-95
-94
-101
-102
-11
46
-52
3
-20
-44
-57
8
-23
69
42
109
70
125
34
75
-118
-122
-68
-53
-75
-118
87
-43
100
63
-89
89
48
26
-52
-60
10
-31
-107
111
17
-76
62
-83
114
-119
68
-13
59
-34
-32
17
101
-76
122
-98
94
-86
95
-106
-46
-45
40
-43
44
59
-17
23
-85
-14
95
-74
42
-113
65
2
6
-125
-26
-94
109
-21
98
87
-7
-98
47
-6
122
-74
-75
-76
-127
-108
49
-120
-36
-38
-110
61
-65
-79
62
-97
-1
-94
-66
-17
105
-114
-68
-19
17
-70
57
93
56
111
80
-5
79
6
30
-115
-24
-48
81
-56
82
-42
103
-13
-59
-84
-119
-15
-70
77
-102
-6
-126
-52
-125
-83
109
107
-128
-108
-112
-47
-122
96
-84
-125
95
122
-117
51
-112
-114
-53
65
6
-58
113
71
125
-34
64
-56
-31
-95
-18
-82
-80
-64
-62
-89
-8
30
-123
-89
-118
-111
-23
-97
-26
-63
-101
-92
111
89
103
97
44
27
15
-54
43
65
6
27
-10
-75
71
-21
103
-7
-19
75
-117
-31
6
-33
90
-70
-6
51
33
-73
-5
125
80
-111
76
-42
19
55
-51
26
-98
-122
52
-63
-71
-16
21
90
50
-14
-56
-105
-21
-38
127
-80
-52
-61
-52
126
122
-72
-98
-20
-113
-94
-35
-85
-76
53
73
69
-83
-87
-104
-83
-34
96
-94
-80
109
44
-76
-118
38
-21
91
125
60
-79
126
-80
-111
-64
-71
115
-128
-95
19
46
33
4
26
-72
-21
-24
-76
73
-47
-109
27
-2
78
-121
-27
-51
76
27
95
-35
57
57
-103
14
-48
-80
-19
51
-10
