-26
18
-47
41
-124
84
14
92
-25
26
-28
-22
-10
70
110
-52
105
101
-95
42
-80
-99
95
-3
-112
-85
-108
-52
77
-110
-89
-39
44
34
-114
0
4
105
-51
3
1
-66
23
50
67
-64
-98
-48
-79
-30
-71
-55
82
112
15
75
44
-25
-15
-87
88
-99
58
-5
87
-101
-54
-6
-112
8
34
-10
-48
21
-12
-101
-32
-90
-65
16
-24
6
-99
-26
-25
-62
39
-122
-121
64
90
124
-60
-49
-106
86
52
-105
13
59
-120
98
-4
63
67
-22
-78
50
-106
54
-7
-45
-86
68
-124
-22
5
-56
49
-106
126
-95
-54
-75
-88
-15
62
112
96
-112
0
-60
55
-2
-99
-40
54
38
-113
-103
-22
-77
17
-5
55
83
37
44
-17
3
-67
-35
103
-9
117
55
-106
-122
43
126
-80
95
-23
31
91
43
49
102
-90
106
-75
-74
8
-46
118
-7
73
-126
82
-10
90
-105
-111
-76
-70
-27
104
118
-118
-81
-81
-63
-53
-67
-116
7
123
37
-83
-121
-13
-124
-47
33
42
118
-121
-66
-31
-75
-75
8
46
67
-5
-116
45
110
-86
-111
95
30
124
27
-49
70
-48
-10
8
-31
-26
76
70
-115
-18
16
115
117
66
109
-105
103
-47
-73
-34
118
3
62
78
-2
-6
-37
73
47
75
28
75
41
108
84
-30
-88
-112
88
-72
55
-38
-127
95
113
114
60
70
-100
118
-22
-22
-49
77
-8
44
114
-61
102
25
15
70
-93
-61
-9
-81
85
95
-74
-90
30
96
-44
78
-58
-69
-53
31
106
38
-124
47
-8
-28
114
-52
102
-61
-47
45
-24
-13
66
-108
-3
105
49
65
98
-54
-56
41
-52
-35
-116
91
-111
44
-64
-74
76
121
101
-14
-45
-3
29
32
-26
8
-73
24
59
-110
-118
-28
62
54
96
-105
124
113
75
-45
-112
10
-7
-17
-84
-42
-120
126
109
123
73
-11
